6 10 9 1 10 2 5 
11 0 1.0 2.5 2.5 1.0 5.0 2.0 1.0 3.0 4.0 0
4 10 1 7 2 
7 0 4.0 4.0 1.0 3.5 3.5 0
6 9 4 6 5 4 9 
11 0 3.0 1.5 5.5 4.5 5.5 5.5 5.5 5.5 3.5 0
7 2 4 1 6 9 8 7 
13 0 2.5 1.0 4.0 3.5 5.5 4.0 4.0 4.0 2.0 2.0 5.0 0
6 9 7 5 6 8 4 
11 0 1.5 3.0 2.0 5.5 1.5 1.0 2.0 2.5 1.5 0
6 4 3 2 9 2 6 
11 0 4.5 3.5 3.5 3.5 2.5 4.0 1.0 3.0 5.0 0
4 5 3 5 9 
7 0 1.0 3.5 3.5 3.5 2.5 0
7 1 2 8 5 1 4 10 
13 0 1.0 5.5 3.5 2.5 2.5 1.0 2.0 5.0 3.0 2.0 1.0 0
6 6 5 1 3 6 2 
11 0 1.5 4.0 4.0 4.0 4.0 5.0 4.0 1.0 5.0 0
7 1 8 7 4 1 3 4 
13 0 5.5 2.0 3.0 1.5 5.5 4.0 2.0 4.0 3.0 1.0 4.0 0
